x_i = 2.000000
x_i = 1.000000
x_i = -4.000000
