x_i = 0.666667
x_i = -2.500000
x_i = 2.000000
